[gd_scene load_steps=9 format=3 uid="uid://c06t4jyybkkae"]

[ext_resource type="MeshLibrary" uid="uid://b5vdn7cnsmxfj" path="res://mesh library/SpaceLibrary.tres" id="1_6tisa"]
[ext_resource type="PackedScene" uid="uid://dy8v6xnkbj4vx" path="res://scenes/enemy/enemy.tscn" id="2_dbkse"]
[ext_resource type="PackedScene" uid="uid://cg0un1v8vp4ep" path="res://scenes/base/base.tscn" id="3_0n1tn"]

[sub_resource type="ProceduralSkyMaterial" id="ProceduralSkyMaterial_rlb1v"]
sky_horizon_color = Color(0.66224277, 0.6717428, 0.6867428, 1)
ground_horizon_color = Color(0.66224277, 0.6717428, 0.6867428, 1)

[sub_resource type="Sky" id="Sky_6tisa"]
sky_material = SubResource("ProceduralSkyMaterial_rlb1v")

[sub_resource type="Environment" id="Environment_dbkse"]
background_mode = 2
sky = SubResource("Sky_6tisa")
tonemap_mode = 2
glow_enabled = true

[sub_resource type="StandardMaterial3D" id="StandardMaterial3D_6tisa"]
albedo_color = Color(0.25565878, 0.25565878, 0.25565878, 1)

[sub_resource type="Curve3D" id="Curve3D_6tisa"]
_data = {
"points": PackedVector3Array(0, 0, 0, 0, 0, 0, -26.405573, 0, 6.0292697, -0.35662556, -0.08405638, 0.41046238, 0.35662556, 0.08405638, -0.41046238, 14.408487, 0, 5.9004183, 0.17480278, 0.022619247, 0.37998283, -0.17480278, -0.022619247, -0.37998283, 14.408476, 0, -1.7985212, 1.0023136, -0.0005092621, 0.42253745, -1.0023136, 0.0005092621, -0.42253745, -9.97686, 0, -1.7663089, 0, 0, 0, 0, 0, 0, -10.009073, 0, -6.018441),
"tilts": PackedFloat32Array(0, 0, 0, 0, 0)
}
point_count = 5

[node name="BaseLevel" type="Node3D"]

[node name="WorldEnvironment" type="WorldEnvironment" parent="."]
environment = SubResource("Environment_dbkse")

[node name="DirectionalLight3D" type="DirectionalLight3D" parent="."]
transform = Transform3D(-0.8660254, -0.43301278, 0.25, 0, 0.49999997, 0.86602545, -0.50000006, 0.75, -0.43301266, 0, 0, 0)
shadow_enabled = true

[node name="CSGBox3D" type="CSGBox3D" parent="."]
transform = Transform3D(1, 0, 0, 0, 1, 0, 0, 0, 1, 0, -1, 0)
size = Vector3(100, 2, 100)
material = SubResource("StandardMaterial3D_6tisa")

[node name="Camera3D" type="Camera3D" parent="."]
transform = Transform3D(1, 0, 0, 0, 0.4226183, 0.90630794, 0, -0.90630794, 0.4226183, 0, 14.5, 9.5)

[node name="GridMap" type="GridMap" parent="."]
mesh_library = ExtResource("1_6tisa")
cell_size = Vector3(4, 4, 4)
cell_center_y = false
data = {
"cells": PackedInt32Array(65535, 65534, 0, 65535, 2, 0, 65531, 65535, 0, 4, 65535, 0, 65531, 2, 0, 65533, 2, 0, 65534, 2, 0, 0, 2, 0, 1, 2, 0, 2, 2, 0, 3, 2, 0, 4, 2, 0, 4, 1, 0, 4, 0, 0, 4, 65534, 0, 3, 65534, 0, 2, 65534, 0, 1, 65534, 0, 0, 65534, 0, 65534, 65534, 0, 65532, 65534, 0, 65531, 65534, 0, 65531, 0, 0, 65532, 2, 0, 65532, 65535, 0, 65533, 0, 0, 65534, 0, 0, 65535, 0, 0, 0, 0, 0, 1, 0, 0, 2, 0, 0, 65532, 0, 0)
}

[node name="Path3D" type="Path3D" parent="."]
curve = SubResource("Curve3D_6tisa")

[node name="Road" type="CSGPolygon3D" parent="Path3D"]
polygon = PackedVector2Array(-1, 0, -1, 0.1, 1, 0.1, 1, 0)
mode = 2
path_node = NodePath("..")
path_interval_type = 0
path_interval = 0.5
path_simplify_angle = 0.0
path_rotation = 2
path_rotation_accurate = false
path_local = false
path_continuous_u = true
path_u_distance = 1.0
path_joined = false

[node name="LeftEdge" type="CSGPolygon3D" parent="Path3D"]
polygon = PackedVector2Array(-1.1, 0, -1.1, 0.15, -0.9, 0.15, -0.9, 0)
mode = 2
path_node = NodePath("..")
path_interval_type = 0
path_interval = 0.5
path_simplify_angle = 0.0
path_rotation = 2
path_rotation_accurate = false
path_local = false
path_continuous_u = true
path_u_distance = 1.0
path_joined = false

[node name="RightEdge" type="CSGPolygon3D" parent="Path3D"]
polygon = PackedVector2Array(0.9, 0, 0.9, 0.15, 1.1, 0.15, 1.1, 0)
mode = 2
path_node = NodePath("..")
path_interval_type = 0
path_interval = 0.5
path_simplify_angle = 0.0
path_rotation = 2
path_rotation_accurate = false
path_local = false
path_continuous_u = true
path_u_distance = 1.0
path_joined = false

[node name="Enemy" parent="Path3D" instance=ExtResource("2_dbkse")]
transform = Transform3D(-0.0069602854, 0.0020775187, -0.99996036, -2.3282752e-10, 0.99998546, 0.0020775672, 0.9999623, 1.4460902e-05, -0.006960272, -26.405573, 0, 6.0292697)

[node name="Enemy2" parent="Path3D" instance=ExtResource("2_dbkse")]
transform = Transform3D(-0.0055262498, 0.0017830286, -0.99996984, -2.7713459e-06, 0.999986, 0.0017830696, 0.9999712, 1.2625133e-05, -0.005526237, -21.405851, -0.009489734, 6.059698)
progress = 5.0

[node name="Enemy3" parent="Path3D" instance=ExtResource("2_dbkse")]
transform = Transform3D(-0.004520033, 0.0015764064, -0.99997526, -4.4614985e-06, 0.99998635, 0.0015764412, 0.9999763, 1.1587122e-05, -0.0045200214, -16.405766, -0.01789266, 6.0848336)
progress = 10.0

[node name="Enemy4" parent="Path3D" instance=ExtResource("2_dbkse")]
transform = Transform3D(-0.0033878083, 0.0013439506, -0.9999801, -6.113934e-06, 0.9999867, 0.0013439779, 0.99998075, 1.0667106e-05, -0.003387798, -11.405804, -0.02521103, 6.104687)
progress = 15.0

[node name="Enemy5" parent="Path3D" instance=ExtResource("2_dbkse")]
transform = Transform3D(-0.0019695999, 0.0010527103, -0.9999842, -7.815961e-06, 0.99998707, 0.0010527269, 0.9999845, 9.889431e-06, -0.001969591, -6.40581, -0.0312357, 6.1182404)
progress = 20.0

[node name="Base" parent="." instance=ExtResource("3_0n1tn")]
transform = Transform3D(1, 0, 0, 0, 1, 0, 0, 0, 1, -10, 0, -6)
